10 0.1 0.01 2021
10 1.0 0.01 2021
10 0.1 0.01 2022
10 1.0 0.01 2022
10 0.1 0.01 2023
10 1.0 0.01 2023
6 0.01 0.05 2021
6 0.01 0.1 2021
6 0.01 0.15 2021
6 0.01 0.2 2021
8 0.01 0.05 2021
8 0.01 0.1 2021
8 0.01 0.15 2021
8 0.01 0.2 2021
10 0.01 0.05 2021
10 0.01 0.1 2021
10 0.01 0.15 2021
10 0.01 0.2 2021
12 0.01 0.05 2021
12 0.01 0.1 2021
12 0.01 0.15 2021
12 0.01 0.2 2021
14 0.01 0.05 2021
14 0.01 0.1 2021
14 0.01 0.15 2021
14 0.01 0.2 2021
6 0.01 0.05 2022
6 0.01 0.1 2022
6 0.01 0.15 2022
6 0.01 0.2 2022
8 0.01 0.05 2022
8 0.01 0.1 2022
8 0.01 0.15 2022
8 0.01 0.2 2022
10 0.01 0.05 2022
10 0.01 0.1 2022
10 0.01 0.15 2022
10 0.01 0.2 2022
12 0.01 0.05 2022
12 0.01 0.1 2022
12 0.01 0.15 2022
12 0.01 0.2 2022
14 0.01 0.05 2022
14 0.01 0.1 2022
14 0.01 0.15 2022
14 0.01 0.2 2022
6 0.01 0.05 2023
6 0.01 0.1 2023
6 0.01 0.15 2023
6 0.01 0.2 2023
8 0.01 0.05 2023
8 0.01 0.1 2023
8 0.01 0.15 2023
8 0.01 0.2 2023
10 0.01 0.05 2023
10 0.01 0.1 2023
10 0.01 0.15 2023
10 0.01 0.2 2023
12 0.01 0.05 2023
12 0.01 0.1 2023
12 0.01 0.15 2023
12 0.01 0.2 2023
14 0.01 0.05 2023
14 0.01 0.1 2023
14 0.01 0.15 2023
14 0.01 0.2 2023
